241
9.74
9.71
9.73
9.67
9.60
10.53
10.53
10.53
10.53
10.52
10.52
10.53
10.53
10.52
10.51
10.51
10.52
10.52
10.52
10.53
10.53
10.51
10.51
10.51
10.51
10.51
10.51
10.50
10.49
10.48
10.49
10.50
10.48
10.50
10.49
10.48
10.46
10.46
10.48
10.48
10.47
10.45
10.44
10.44
10.45
10.43
10.41
10.43
10.44
10.45
10.48
10.49
10.51
10.50
10.49
10.49
10.48
10.49
10.49
10.48
10.49
10.47
10.45
10.46
10.44
10.42
10.39
10.38
10.39
10.40
10.41
10.42
10.43
10.47
10.47
10.46
10.45
10.43
10.45
10.42
10.41
10.41
10.41
10.41
10.39
10.39
10.39
10.37
10.54
10.53
10.52
10.50
10.51
10.50
10.49
10.50
10.49
10.49
10.48
10.49
10.50
10.50
10.50
10.50
10.51
10.52
10.53
10.51
10.52
10.53
10.52
10.52
10.51
10.51
10.50
10.49
10.49
10.47
10.46
10.49
10.48
10.49
10.51
10.48
10.46
10.46
10.47
10.46
10.46
10.45
10.43
10.44
10.45
10.46
10.43
10.43
10.42
10.41
10.37
10.49
10.49
10.46
10.44
10.41
10.43
10.47
10.48
10.48
10.46
10.46
10.45
10.47
10.45
10.44
10.42
10.43
10.42
10.43
10.40
10.40
10.39
10.38
10.41
10.43
10.42
10.44
10.45
10.46
10.44
10.43
10.41
10.38
10.36
10.39
10.41
10.41
10.42
10.43
10.42
10.40
10.37
10.40
10.40
10.38
10.38
10.40
10.41
10.39
10.37
10.36
10.35
10.34
10.31
10.35
10.33
10.34
10.32
10.27
10.27
10.27
10.23
10.24
10.20
10.20
10.20
10.19
10.17
10.54
10.54
10.54
10.54
10.54
10.53
10.53
10.53
10.54
10.54
10.55
10.54
10.55
10.54
10.54
10.53
10.54
10.55
10.54
10.54
10.54
10.53
10.53
10.53
10.52
10.52
10.52
10.51
10.52
10.52
10.52
10.51
10.51
10.51
